[validConfig]

[box]
x1 = 360.0
y1 = 226.0
x2 = 470.00000000000006
y2 = 334.0

[line]
x1 = 156.99999999999994
y1 = 0
x2 = 270.0
y2 = 0

[line parallel]

